RANK       0           1            2           3           4           5           6
dumb      87                       13                                                
smart     73                       27                                                
                                              100                                    
asIs                  33                       13           7           7          40
#
#EVALS
RANK             0           1            2           3           4           5           6
dumb      23 (  0)     0 (  0)     45 (  0)     0 (  0)     0 (  0)     0 (  0)     0 (  0)
smart     25 (  4)     0 (  0)     23 (  0)     0 (  0)     0 (  0)     0 (  0)     0 (  0)
           0 (  0)     0 (  0)      0 (  0)     0 (  0)     0 (  0)     0 (  0)     0 (  0)
asIs       0 (  0)   4118 (  0)     0 (  0)   886 (  0)   206 (  0)   196 (  0)   662 (  0)
#
#DELTAS
RANK             0           1            2           3           4           5           6
dumb      74 ( 26)     0 (  0)     71 (  0)     0 (  0)     0 (  0)     0 (  0)     0 (  0)
smart     84 ( 20)     0 (  0)     31 (  0)     0 (  0)     0 (  0)     0 (  0)     0 (  0)
           0 (  0)     0 (  0)      0 (  0)    93 ( 39)     0 (  0)     0 (  0)     0 (  0)
