RANK       0            1            2            3            4             5              6            7
smart     94            6                                                                                 
dumb      59           21           18            3                                                       
asIs       3           15            6            9           12            35             15            6
                                                100                                                       
#
#EVALS
RANK             0            1            2            3            4             5              6            7
smart     31 (  8)     35 (  0)      0 (  0)      0 (  0)      0 (  0)       0 (  0)        0 (  0)      0 (  0)
dumb      30 ( 12)     36 (  0)     38 (  0)     30 (  0)      0 (  0)       0 (  0)        0 (  0)      0 (  0)
asIs     3840 (  0)   3184 (  0)   1872 (  0)   3072 (  0)   30807 (  0)   14413 (7776)   5079 (  0)   6920 (  0)
           0 (  0)      0 (  0)      0 (  0)      0 (  0)      0 (  0)       0 (  0)        0 (  0)      0 (  0)
#
#DELTAS
RANK             0            1            2            3            4             5              6            7
smart     76 ( 20)     38 (  0)      0 (  0)      0 (  0)      0 (  0)       0 (  0)        0 (  0)      0 (  0)
dumb      71 ( 23)     62 (  0)     68 (  0)     73 (  0)      0 (  0)       0 (  0)        0 (  0)      0 (  0)
           0 (  0)      0 (  0)      0 (  0)     94 (  0)      0 (  0)       0 (  0)        0 (  0)      0 (  0)
